  5201	      11
  5202	      10
  5203	       8
  5204	      14
  5205	      15
  5206	      11
  5207	      10
  5208	       6
  5209	      14
  5210	       8
  5211	       7
  5212	      11
  5213	      11
  5214	      13
  5215	      14
  5216	       5
  5217	       4
  5218	      17
  5219	       9
  5220	      15
  5221	      14
  5222	       8
  5223	      10
  5224	      11
  5225	       6
  5226	      18
  5227	       9
  5228	      10
  5229	       9
  5230	      13
  5231	      12
  5232	      15
  5233	      12
  5234	      17
  5235	      13
  5236	      17
  5237	      14
  5238	      14
  5239	      14
  5240	      22
  5241	      13
  5242	      12
  5243	      18
  5244	      15
  5245	      21
  5246	      21
  5247	      25
  5248	      16
  5249	      27
  5250	      22
  5251	      17
  5252	      23
  5253	      26
  5254	      32
  5255	      31
  5256	      33
  5257	      29
  5258	      30
  5259	      30
  5260	      32
  5261	      26
  5262	      31
  5263	      40
  5264	      62
  5265	      32
  5266	      37
  5267	      43
  5268	      50
  5269	      39
  5270	      45
  5271	      45
  5272	      63
  5273	      61
  5274	      55
  5275	      59
  5276	      61
  5277	      80
  5278	      78
  5279	      59
  5280	      68
  5281	      78
  5282	      78
  5283	      66
  5284	      81
  5285	      89
  5286	      78
  5287	      90
  5288	      93
  5289	      94
  5290	      85
  5291	      87
  5292	     110
  5293	     109
  5294	     116
  5295	     102
  5296	     120
  5297	      99
  5298	     140
  5299	     108
  5300	     164
  5301	     152
  5302	     128
  5303	     130
  5304	     130
  5305	     138
  5306	     162
  5307	     144
  5308	     152
  5309	     172
  5310	     162
  5311	     155
  5312	     166
  5313	     169
  5314	     194
  5315	     170
  5316	     179
  5317	     197
  5318	     204
  5319	     192
  5320	     185
  5321	     184
  5322	     185
  5323	     189
  5324	     236
  5325	     199
  5326	     195
  5327	     207
  5328	     194
  5329	     245
  5330	     232
  5331	     200
  5332	     235
  5333	     234
  5334	     236
  5335	     226
  5336	     233
  5337	     242
  5338	     238
  5339	     274
  5340	     236
  5341	     240
  5342	     251
  5343	     241
  5344	     243
  5345	     256
  5346	     229
  5347	     242
  5348	     270
  5349	     254
  5350	     249
  5351	     289
  5352	     273
  5353	     223
  5354	     238
  5355	     251
  5356	     261
  5357	     266
  5358	     243
  5359	     266
  5360	     257
  5361	     273
  5362	     253
  5363	     234
  5364	     248
  5365	     268
  5366	     279
  5367	     264
  5368	     259
  5369	     252
  5370	     243
  5371	     250
  5372	     268
  5373	     249
  5374	     219
  5375	     234
  5376	     236
  5377	     211
  5378	     219
  5379	     220
  5380	     197
  5381	     227
  5382	     233
  5383	     205
  5384	     194
  5385	     214
  5386	     210
  5387	     222
  5388	     222
  5389	     170
  5390	     188
  5391	     155
  5392	     166
  5393	     161
  5394	     183
  5395	     169
  5396	     170
  5397	     165
  5398	     160
  5399	     157
  5400	     168
  5401	     144
  5402	     132
  5403	     144
  5404	     126
  5405	     106
  5406	     105
  5407	     107
  5408	      95
  5409	     121
  5410	     108
  5411	     112
  5412	     103
  5413	      95
  5414	      93
  5415	      83
  5416	      94
  5417	      86
  5418	      84
  5419	      68
  5420	      68
  5421	      69
  5422	      83
  5423	      65
  5424	      64
  5425	      61
  5426	      59
  5427	      73
  5428	      49
  5429	      53
  5430	      33
  5431	      49
  5432	      45
  5433	      39
  5434	      45
  5435	      34
  5436	      39
  5437	      37
  5438	      31
  5439	      34
  5440	      24
  5441	      31
  5442	      26
  5443	      31
  5444	      17
  5445	      14
  5446	      17
  5447	      24
  5448	      19
  5449	      18
  5450	      19
  5451	      19
  5452	      14
  5453	      21
  5454	       9
  5455	      13
  5456	       5
  5457	       9
  5458	      15
  5459	       8
  5460	       6
  5461	       9
  5462	       7
  5463	       9
  5464	      10
  5465	       8
  5466	       4
  5467	       7
  5468	       8
  5469	       8
  5470	       4
  5471	       6
  5472	       2
  5473	      10
  5474	       4
  5475	       2
  5476	       3
  5477	       3
  5478	       2
  5479	       4
  5480	       4
  5481	       1
  5482	       3
  5483	       3
  5484	       2
  5485	       3
  5486	       1
  5487	       4
  5488	       1
  5489	       3
  5490	       1
  5491	       1
  5492	       0
  5493	       1
  5494	       2
  5495	       2
  5496	       2
  5497	       0
  5498	       0
  5499	       3
  5500	       2
