$SPEC_ID:
No sample description was entered.
$SPEC_REM:
DET# 1
DETDESC# PCATLAS20KR MCB 129 Input 1
AP# Maestro Version 6.06
$DATE_MEA:
11/03/2016 16:30:52
$MEAS_TIM:
300 301
$DATA:
0 8191
       0
       0
       0
       0
       0
       0
       0
       0
       0
       0
       0
       0
       0
       0
       0
       0
       0
       0
       0
       0
       0
       0
       0
       0
       0
       0
       0
       0
       0
       0
       0
       0
       0
       0
       0
       0
       0
       0
       0
       0
       0
       0
       0
       0
       0
       0
       0
       0
       0
       0
       0
       0
       0
       0
       0
       0
       0
       0
       0
       0
       0
       0
       0
       0
       0
       0
       0
       0
       0
       0
       0
       0
       0
       0
       0
       0
       0
       0
       0
       0
       0
       0
       0
       0
       0
       0
       0
       0
       0
       0
       0
       0
       0
       0
       0
       0
       0
       0
       0
       0
       0
       0
       0
       0
       0
       0
       0
       0
       0
       0
       0
       0
       0
       0
       0
       0
       0
       0
       0
       0
       0
       0
       0
       0
       0
       0
       0
       0
       0
       0
       0
       0
       0
       0
       0
       0
       0
       0
       0
       0
       0
       0
       3
       6
       2
       8
      12
       9
      13
      19
      16
      17
      11
      20
      12
      17
       6
      10
      14
      11
      13
       9
      10
      16
       9
      18
      16
      16
      16
       8
      14
      13
      13
      10
      17
       7
       9
      12
      14
       9
       5
       9
       9
      10
      11
      11
      14
      14
      12
      12
       8
       7
       5
      13
      11
      10
       7
       6
       9
      11
       7
      10
      10
       6
       8
       4
      13
       8
       5
      11
       9
       7
       9
       8
       7
       4
      15
       4
      10
      11
       5
       5
       9
       8
       5
       4
      10
       6
      10
       7
       7
      14
       7
      10
      11
       5
       9
      13
       6
       8
       5
       9
       5
       8
       9
       7
      15
      12
      10
       7
       9
       3
       6
       7
       5
       3
       3
       6
       9
       4
       6
       7
       4
       5
       6
       8
       6
      11
       2
       5
      11
       8
      10
       5
       7
       6
      10
       9
       9
      11
       4
       8
      11
       7
       6
       7
       4
       9
      10
       5
       9
       5
      10
       9
       5
       5
       3
       2
       9
       6
       6
       7
       8
       6
       4
       5
       8
       9
       4
      11
       3
       3
      10
       7
       8
       8
      11
       4
       6
       2
       5
       9
       3
      12
       4
       8
      11
       9
       6
       6
       6
      11
       5
       9
       7
       9
      12
       6
      10
       8
       7
      13
       8
       5
       7
       6
       7
       5
       9
       7
       7
       6
       4
       4
       7
       5
      10
       6
       6
       7
       7
       6
       5
       8
       8
       9
       5
       6
      11
      11
      10
       8
       7
       5
       2
       5
       6
       9
       6
       8
       6
       5
       1
       6
      12
       8
       5
       4
       2
       5
       7
       5
       5
       2
       6
       8
       3
       7
       4
       3
       5
       6
       4
       4
       7
       6
       3
       7
      10
       3
       4
       4
       6
       8
       4
       9
       4
       5
       5
       8
       6
      10
       6
       8
       5
       4
       6
       6
       2
       9
      11
       2
       3
       7
       5
       4
       1
       4
       9
       8
       7
       7
       6
       4
       9
       4
       2
       2
       3
       6
       4
       6
       8
       9
       4
      10
       6
       8
       7
       9
       5
       4
       2
      10
       1
       5
       9
       8
       2
       2
       3
       5
       4
       5
       6
       8
       5
       5
       6
       3
       3
       6
       8
       2
       3
       5
       4
       6
       4
       3
       1
       6
       4
       8
       3
       4
       4
       6
       1
       8
       3
      10
       4
       4
       3
       5
       4
       9
       4
       4
       2
       3
       1
       3
       2
       3
       4
       3
       0
       5
       6
       1
       3
       4
       4
       2
       3
       4
       6
       4
       5
       2
       7
       6
       2
       3
       4
       5
       1
       4
       2
       6
       4
       5
       3
       6
       3
       4
       0
       1
       4
       3
       6
       4
       3
       4
       2
       3
       4
       2
       1
       2
       3
       3
       4
       4
       4
       6
       3
       9
       1
       1
       4
       2
       1
       5
       5
       4
       3
       5
       2
       2
       2
       5
       2
       4
       3
       1
       7
       7
       3
       6
       4
       1
       2
       4
       4
       3
       2
       3
       5
       6
       3
       2
       3
       4
       2
       1
       4
       5
       0
       1
       4
       4
       0
       0
       3
       2
       3
       3
       2
       0
       4
       1
       3
       7
       1
       1
       3
       1
       1
       1
       3
       2
       3
       1
       0
       4
       4
       3
       1
       4
       5
       3
       1
       0
       6
       2
       2
       1
       2
       2
       3
       3
       2
       2
       2
       2
       3
       2
       2
       3
       2
       7
       5
       4
       4
       4
       2
       2
       3
       5
       2
       4
       2
       2
       4
       0
       3
       1
       3
       2
       5
       4
       2
       2
       1
       3
       0
       5
       3
       6
       2
       2
       1
       3
       1
       2
       3
       2
       2
       2
       2
       3
       2
       2
       2
       5
       2
       3
       3
       2
       1
       1
       1
       2
       2
       3
       3
       5
       4
       4
       0
       3
       0
       2
       3
       1
       3
       3
       2
       2
       0
       3
       2
       0
       3
       4
       2
       4
       3
       3
       1
       4
       3
       0
       5
       5
       0
       4
       1
       3
       1
       0
       3
       3
       3
       0
       1
       1
       3
       2
       1
       6
       2
       3
       1
       1
       1
       2
       5
       1
       2
       0
       2
       1
       3
       1
       0
       2
       3
       1
       1
       1
       2
       5
       1
       1
       4
       1
       2
       3
       2
       5
       3
       6
       2
       1
       4
       5
       2
       1
       2
       2
       3
       2
       1
       0
       2
       2
       3
       0
       1
       2
       4
       1
       2
       4
       2
       4
       5
       2
       2
       1
       5
       4
       3
       0
       8
       3
       4
       2
       3
       2
       5
       0
       2
       1
       2
       3
       1
       1
       0
       3
       5
       3
       4
       3
       3
       3
       1
       0
       3
       4
       1
       7
       1
       3
       2
       1
       1
       3
       1
       0
       5
       0
       1
       3
       1
       2
       3
       1
       1
       2
       1
       1
       3
       2
       1
       4
       2
       4
       0
       3
       5
       2
       1
       3
       4
       2
       2
       3
       1
       4
       0
       0
       2
       1
       4
       0
       1
       1
       3
       1
       3
       1
       0
       1
       3
       1
       1
       2
       1
       2
       1
       3
       4
       4
       3
       2
       2
       2
       4
       1
       2
       2
       3
       2
       3
       1
       2
       1
       3
       3
       2
       2
       0
       1
       1
       1
       3
       1
       2
       0
       4
       0
       3
       4
       0
       4
       1
       0
       0
       2
       2
       2
       1
       0
       0
       1
       2
       3
       1
       3
       1
       5
       3
       2
       0
       7
       2
       2
       3
       2
       1
       0
       1
       1
       4
       5
       1
       1
       2
       3
       4
       2
       0
       1
       3
       1
       2
       0
       1
       1
       3
       1
       3
       0
       2
       2
       1
       2
       2
       0
       0
       1
       1
       5
       0
       1
       3
       2
       0
       1
       1
       1
       3
       0
       3
       2
       1
       2
       2
       1
       0
       4
       1
       1
       2
       0
       2
       4
       0
       1
       1
       2
       1
       5
       1
       1
       2
       3
       1
       3
       4
       1
       3
       1
       1
       4
       1
       1
       2
       4
       2
       1
       1
       0
       1
       3
       4
       1
       0
       2
       2
       3
       0
       3
       2
       0
       1
       1
       1
       3
       1
       0
       3
       1
       0
       3
       0
       1
       0
       0
       2
       2
       0
       5
       0
       0
       1
       3
       1
       3
       1
       1
       1
       1
       3
       2
       0
       0
       2
       1
       1
       1
       1
       0
       2
       0
       0
       0
       4
       2
       2
       2
       0
       1
       1
       1
       0
       3
       2
       3
       2
       2
       3
       2
       0
       1
       0
       2
       1
       0
       4
       0
       1
       1
       2
       2
       2
       0
       1
       1
       1
       2
       1
       1
       0
       1
       3
       3
       2
       1
       0
       1
       2
       2
       3
       3
       3
       1
       3
       1
       0
       1
       3
       1
       2
       1
       1
       3
       2
       0
       1
       3
       1
       3
       4
       3
       2
       3
       2
       4
       1
       5
       2
       2
       1
       2
       0
       0
       3
       4
       1
       0
       1
       2
       2
       2
       2
       2
       4
       3
       1
       1
       2
       1
       0
       0
       0
       1
       0
       1
       2
       1
       0
       3
       1
       4
       3
       0
       2
       2
       1
       3
       0
       4
       3
       0
       3
       1
       1
       5
       2
       0
       0
       2
       2
       2
       0
       3
       2
       1
       0
       1
       4
       0
       0
       3
       2
       2
       5
       2
       1
       1
       1
       2
       3
       2
       1
       1
       1
       2
       2
       4
       2
       1
       5
       2
       2
       0
       4
       0
       2
       1
       2
       3
       2
       1
       2
       0
       0
       1
       3
       3
       1
       3
       2
       4
       0
       2
       2
       1
       4
       0
       1
       2
       1
       3
       3
       2
       7
       2
       0
       3
       0
       2
       0
       5
       1
       1
       2
       1
       1
       1
       0
       0
       2
       0
       1
       0
       3
       1
       4
       2
       2
       1
       0
       2
       2
       1
       1
       2
       3
       3
       2
       1
       3
       5
       0
       0
       2
       0
       1
       5
       1
       2
       2
       0
       2
       3
       1
       0
       3
       3
       3
       3
       3
       0
       1
       0
       0
       1
       1
       3
       1
       2
       3
       2
       1
       3
       2
       0
       0
       0
       0
       0
       1
       2
       1
       1
       2
       0
       1
       1
       4
       1
       4
       2
       0
       3
       1
       3
       1
       2
       3
       2
       1
       4
       1
       0
       0
       2
       3
       0
       3
       0
       0
       2
       1
       3
       0
       2
       1
       2
       8
       1
       2
       1
       5
       3
       1
       3
       0
       0
       1
       1
       0
       2
       1
       2
       1
       3
       1
       1
       2
       3
       2
       2
       1
       4
       2
       3
       2
       2
       2
       2
       1
       2
       1
       4
       0
       3
       1
       1
       1
       0
       1
       2
       3
       1
       0
       2
       0
       1
       1
       1
       2
       1
       2
       2
       0
       3
       1
       1
       4
       0
       1
       1
       0
       1
       4
       0
       0
       2
       2
       0
       2
       2
       0
       2
       4
       2
       0
       3
       0
       2
       0
       2
       1
       2
       0
       0
       2
       2
       3
       3
       0
       2
       2
       3
       1
       0
       5
       2
       0
       3
       0
       2
       1
       3
       2
       3
       2
       2
       1
       3
       3
       0
       1
       1
       1
       3
       1
       1
       2
       2
       3
       2
       3
       2
       2
       3
       3
       4
       2
       1
       2
       2
       2
       1
       1
       2
       2
       0
       0
       2
       1
       1
       3
       1
       2
       5
       2
       2
       2
       0
       3
       3
       0
       2
       0
       0
       1
       0
       2
       1
       2
       1
       3
       1
       3
       1
       1
       2
       1
       2
       0
       2
       2
       2
       2
       2
       2
       0
       2
       0
       3
       1
       1
       2
       0
       2
       1
       3
       1
       0
       0
       3
       2
       1
       3
       2
       0
       1
       1
       2
       1
       1
       0
       2
       0
       0
       4
       2
       0
       3
       3
       1
       0
       3
       0
       2
       1
       1
       2
       3
       2
       1
       0
       2
       3
       1
       2
       1
       2
       5
       1
       2
       0
       2
       1
       1
       1
       0
       1
       0
       4
       3
       2
       2
       0
       1
       0
       2
       4
       1
       1
       1
       2
       2
       2
       1
       0
       0
       0
       1
       3
       0
       3
       0
       0
       2
       3
       1
       5
       2
       0
       1
       1
       1
       1
       2
       0
       2
       3
       1
       2
       2
       0
       2
       3
       2
       0
       1
       2
       1
       5
       1
       1
       1
       3
       2
       4
       1
       0
       1
       1
       1
       3
       2
       2
       3
       2
       2
       1
       0
       0
       2
       1
       1
       0
       3
       3
       1
       0
       0
       1
       5
       1
       1
       5
       2
       2
       2
       1
       0
       0
       0
       0
       2
       1
       2
       1
       0
       0
       4
       4
       0
       2
       1
       4
       3
       0
       3
       2
       1
       3
       0
       4
       3
       1
       1
       2
       3
       1
       0
       2
       3
       1
       2
       2
       2
       3
       3
       3
       1
       3
       0
       3
       2
       2
       2
       3
       2
       2
       0
       1
       1
       2
       2
       2
       5
       3
       4
       3
       0
       1
       1
       2
       2
       3
       4
       3
       1
       2
       4
       1
       1
       1
       2
       0
       2
       6
       0
       1
       2
       0
       1
       3
       1
       2
       1
       1
       4
       2
       3
       2
       2
       1
       1
       3
       0
       4
       2
       1
       0
       2
       1
       3
       1
       2
       1
       1
       2
       2
       0
       1
       0
       0
       1
       0
       5
       1
       1
       0
       2
       0
       1
       3
       1
       0
       1
       3
       1
       3
       1
       0
       1
       3
       1
       3
       0
       0
       2
       0
       1
       1
       3
       1
       5
       2
       1
       2
       1
       2
       1
       2
       2
       3
       2
       4
       1
       1
       2
       2
       2
       4
       3
       4
       0
       2
       2
       2
       2
       0
       2
       3
       3
       3
       2
       3
       1
       3
       0
       0
       3
       3
       1
       4
       2
       4
       3
       6
       4
       3
       2
       4
       0
       2
       2
       1
       2
       5
       4
       2
       4
       0
       3
       1
       2
       4
       0
       3
       2
       4
       1
       2
       2
       2
       1
       1
       2
       4
       3
       1
       6
       4
       1
       4
       0
       2
       1
       2
       1
       1
       5
       2
       1
       4
       3
       2
       3
       3
       4
       2
       1
       0
       1
       2
       1
       1
       0
       5
       2
       3
       2
       3
       2
       2
       2
       2
       3
       2
       0
       2
       1
       2
       2
       1
       2
       1
       2
       4
       1
       6
       0
       1
       3
       1
       0
       1
       6
       2
       3
       2
       0
       3
       0
       2
       5
       3
       1
       2
       4
       5
       1
       2
       0
       3
       2
       1
       1
       1
       6
       1
       2
       3
       5
       4
       2
       1
       1
       1
       1
       1
       0
       1
       3
       0
       3
       1
       3
       2
       1
       1
       1
       1
       0
       3
       0
       1
       5
       1
       1
       1
       1
       3
       2
       2
       3
       0
       3
       2
       3
       0
       2
       0
       3
       2
       3
       0
       0
       2
       2
       2
       0
       1
       0
       1
       3
       2
       0
       1
       1
       2
       1
       0
       3
       0
       5
       3
       0
       2
       3
       0
       0
       0
       1
       3
       0
       1
       4
       3
       3
       0
       0
       0
       1
       3
       2
       2
       1
       1
       1
       1
       2
       1
       2
       0
       2
       2
       1
       2
       0
       3
       2
       0
       2
       1
       3
       1
       1
       0
       0
       4
       0
       1
       2
       1
       2
       1
       2
       2
       1
       2
       1
       0
       3
       3
       0
       0
       2
       0
       2
       2
       1
       5
       0
       1
       0
       0
       3
       0
       0
       2
       2
       3
       3
       1
       3
       0
       3
       2
       2
       0
       1
       2
       3
       2
       1
       1
       0
       3
       4
       2
       1
       2
       0
       1
       2
       1
       0
       0
       2
       2
       1
       1
       1
       2
       3
       2
       0
       0
       1
       3
       2
       2
       3
       1
       1
       0
       2
       0
       2
       0
       1
       3
       0
       1
       1
       0
       1
       2
       0
       2
       0
       1
       3
       0
       0
       1
       1
       0
       3
       2
       0
       0
       2
       1
       0
       0
       0
       0
       1
       3
       3
       1
       0
       3
       1
       1
       2
       2
       0
       1
       4
       1
       0
       3
       3
       1
       1
       0
       2
       0
       3
       2
       5
       1
       2
       5
       5
       5
       2
       1
       2
       1
       2
       3
       3
       4
       2
       0
       3
       3
       2
       2
       4
       5
       2
       0
       4
       1
       2
       0
       3
       1
       2
       3
       4
       2
       3
       2
       5
       2
       7
       5
       3
       3
       1
       4
       1
       1
       3
       4
       3
       1
       6
       2
       1
       5
       4
       2
       2
       6
       1
       1
       3
       2
       3
       3
       4
       3
       2
       6
       2
       1
       4
       2
       0
       4
       1
       3
       2
       0
       3
       5
       2
       0
       1
       1
       1
       3
       4
       3
       3
       2
       2
       3
       0
       4
       1
       3
       2
       2
       0
       3
       2
       3
       5
       1
       1
       0
       0
       1
       3
       0
       0
       1
       1
       1
       2
       2
       1
       2
       1
       2
       0
       2
       1
       1
       1
       1
       1
       1
       2
       2
       2
       1
       5
       1
       2
       2
       0
       0
       1
       2
       1
       0
       2
       0
       3
       2
       2
       1
       2
       1
       1
       0
       4
       0
       0
       2
       0
       3
       0
       2
       0
       3
       0
       2
       2
       0
       0
       1
       1
       1
       1
       0
       1
       1
       1
       2
       1
       3
       1
       1
       2
       4
       0
       1
       0
       3
       0
       0
       2
       0
       0
       0
       2
       0
       0
       1
       1
       1
       3
       1
       0
       1
       0
       0
       0
       0
       0
       1
       1
       0
       1
       1
       1
       1
       0
       5
       3
       1
       1
       3
       2
       0
       2
       2
       0
       3
       0
       4
       4
       1
       1
       1
       2
       1
       4
       1
       2
       2
       2
       1
       2
       2
       2
       2
       3
       3
       1
       1
       1
       2
       0
       2
       2
       2
       0
       1
       1
       0
       2
       2
       0
       1
       1
       1
       2
       1
       2
       0
       0
       1
       5
       1
       0
       0
       1
       1
       1
       0
       2
       2
       5
       1
       1
       0
       2
       5
       2
       4
       0
       1
       1
       3
       0
       3
       1
       1
       4
       0
       1
       0
       3
       1
       3
       0
       1
       2
       1
       0
       2
       0
       0
       1
       1
       0
       0
       0
       0
       1
       1
       0
       0
       1
       2
       1
       1
       3
       0
       1
       3
       1
       0
       3
       0
       1
       1
       0
       3
       1
       1
       1
       0
       2
       0
       1
       2
       0
       0
       2
       0
       2
       1
       1
       2
       1
       2
       0
       1
       0
       0
       1
       0
       1
       1
       1
       3
       0
       2
       1
       2
       1
       1
       4
       1
       1
       2
       4
       3
       0
       1
       2
       3
       1
       1
       2
       2
       1
       2
       0
       3
       2
       1
       4
       2
       2
       2
       2
       2
       3
       1
       1
       0
       1
       2
       1
       2
       2
       1
       2
       1
       1
       1
       2
       1
       0
       0
       0
       2
       1
       4
       3
       2
       0
       0
       4
       2
       1
       0
       2
       2
       4
       1
       1
       3
       2
       2
       1
       0
       2
       1
       1
       3
       3
       3
       1
       0
       2
       3
       0
       2
       2
       0
       2
       2
       3
       1
       1
       2
       3
       3
       0
       0
       1
       1
       2
       2
       1
       1
       0
       0
       3
       3
       3
       1
       2
       3
       0
       1
       1
       6
       1
       3
       3
       3
       1
       0
       1
       1
       0
       3
       3
       2
       1
       3
       5
       0
       4
       2
       2
       2
       3
       2
       0
       5
       1
       6
       5
       1
       3
       2
       2
       4
       4
       3
       4
       4
       2
       5
       5
       6
       6
       1
       4
       7
       7
       3
       7
       8
       3
       2
       6
       7
       7
       9
       4
       7
       7
       8
       9
       9
       8
      10
       3
      12
       9
      13
      12
      17
       9
      14
      14
      10
      12
      16
       6
      15
      15
      12
       8
      10
      11
      16
      15
      14
      12
       8
      11
      10
      11
      13
      12
      15
      13
      17
      12
      10
      13
      10
      15
       6
       9
      14
      14
      11
       6
      11
      15
      12
       9
      13
       7
       6
      11
       8
      11
      10
       7
       8
      11
      10
       8
       8
       9
       5
       8
      10
       7
       4
       1
       4
       5
       9
       8
       5
       7
       5
       4
       4
       2
       3
       1
       2
       4
       4
       6
       4
       5
       1
       2
       2
       2
       2
       0
       2
       3
       3
       2
       2
       0
       1
       2
       0
       1
       1
       5
       0
       0
       1
       1
       1
       0
       2
       1
       2
       3
       1
       1
       1
       1
       3
       0
       1
       2
       1
       0
       0
       3
       1
       2
       0
       4
       2
       1
       2
       1
       4
       3
       2
       0
       0
       1
       1
       1
       1
       1
       1
       1
       1
       0
       1
       1
       3
       1
       0
       0
       0
       1
       3
       0
       1
       2
       0
       0
       2
       0
       1
       0
       2
       1
       1
       0
       1
       3
       0
       2
       1
       1
       0
       3
       3
       2
       0
       0
       3
       1
       5
       0
       1
       2
       1
       1
       0
       2
       1
       1
       1
       1
       1
       1
       0
       1
       1
       1
       0
       0
       1
       0
       0
       2
       0
       2
       1
       2
       2
       0
       1
       0
       2
       1
       0
       1
       3
       2
       3
       1
       3
       0
       2
       2
       0
       2
       1
       1
       1
       1
       1
       1
       0
       1
       1
       4
       0
       0
       1
       1
       2
       1
       0
       1
       1
       0
       1
       3
       1
       0
       1
       2
       2
       2
       0
       0
       1
       0
       1
       1
       2
       1
       0
       1
       1
       0
       1
       0
       0
       2
       1
       2
       2
       3
       0
       2
       2
       2
       0
       7
       1
       1
       4
       0
       0
       0
       2
       0
       1
       2
       1
       0
       1
       4
       2
       1
       2
       0
       2
       1
       3
       2
       1
       1
       4
       1
       1
       1
       2
       0
       1
       0
       0
       4
       2
       4
       2
       2
       3
       2
       1
       0
       1
       3
       1
       1
       5
       1
       3
       2
       1
       0
       2
       3
       3
       5
       0
       5
       2
       3
       3
       3
       2
       2
       2
       4
       4
       1
       1
       4
       1
       2
       3
       6
       4
       3
       7
       3
       4
       6
       7
       0
       3
       1
       2
       4
       6
       3
       2
       3
       4
       4
       2
       6
       1
       4
       3
       2
       0
       5
       3
       0
       4
       2
       4
       2
       4
       2
       1
       2
       2
       0
       7
       0
       1
       1
       0
       1
       4
       2
       3
       1
       2
       2
       0
       4
       1
       2
       1
       0
       6
       2
       1
       2
       1
       0
       0
       2
       3
       3
       1
       0
       2
       3
       2
       1
       0
       0
       4
       1
       0
       1
       0
       1
       3
       1
       0
       3
       1
       1
       1
       2
       1
       2
       1
       0
       1
       1
       1
       1
       2
       1
       1
       0
       1
       0
       2
       2
       3
       1
       1
       2
       0
       2
       0
       0
       2
       1
       1
       1
       1
       1
       5
       0
       2
       6
       0
       1
       1
       0
       1
       0
       0
       0
       0
       1
       2
       0
       1
       1
       1
       0
       1
       2
       0
       1
       2
       0
       0
       1
       1
       1
       1
       3
       2
       0
       3
       4
       0
       0
       0
       2
       2
       1
       3
       1
       0
       2
       1
       1
       0
       2
       4
       0
       1
       2
       3
       2
       0
       1
       1
       0
       3
       2
       1
       2
       1
       2
       1
       1
       3
       4
       2
       0
       1
       3
       1
       2
       1
       2
       0
       5
       0
       5
       1
       3
       1
       1
       4
       1
       1
       2
       2
       0
       2
       1
       2
       2
       3
       0
       0
       1
       2
       2
       1
       2
       0
       1
       2
       1
       1
       3
       4
       1
       2
       2
       0
       2
       1
       0
       0
       0
       2
       2
       2
       3
       0
       1
       1
       0
       1
       3
       0
       1
       0
       3
       2
       3
       2
       1
       2
       1
       1
       0
       0
       0
       1
       1
       3
       2
       1
       2
       0
       0
       4
       1
       0
       1
       0
       1
       2
       1
       0
       0
       2
       1
       0
       2
       0
       1
       3
       1
       1
       2
       0
       1
       1
       0
       1
       5
       2
       0
       0
       0
       1
       0
       0
       2
       1
       1
       1
       1
       1
       0
       0
       1
       1
       1
       5
       0
       1
       2
       0
       1
       3
       1
       1
       1
       2
       3
       3
       1
       3
       1
       1
       4
       3
       2
       0
       2
       0
       1
       0
       1
       2
       0
       1
       3
       4
       3
       2
       2
       1
       3
       1
       1
       0
       2
       1
       1
       5
       2
       1
       0
       1
       1
       0
       1
       1
       2
       0
       2
       3
       3
       4
       1
       3
       0
       1
       0
       1
       1
       1
       1
       1
       3
       4
       3
       2
       2
       3
       1
       2
       1
       1
       1
       1
       2
       1
       0
       1
       0
       3
       1
       5
       1
       1
       0
       2
       1
       1
       1
       1
       1
       5
       1
       0
       2
       0
       0
       2
       3
       0
       2
       3
       1
       0
       2
       1
       2
       1
       0
       2
       0
       0
       1
       4
       0
       2
       2
       0
       1
       0
       1
       3
       1
       0
       1
       1
       3
       3
       1
       0
       0
       2
       1
       4
       1
       1
       2
       2
       2
       1
       1
       2
       1
       0
       1
       1
       0
       1
       2
       0
       2
       0
       2
       2
       1
       1
       2
       1
       1
       3
       0
       0
       2
       2
       1
       1
       0
       1
       0
       1
       0
       0
       1
       0
       1
       1
       0
       0
       1
       0
       1
       2
       1
       3
       0
       4
       2
       2
       1
       1
       0
       2
       1
       2
       1
       2
       3
       1
       2
       2
       1
       1
       1
       1
       1
       2
       1
       4
       2
       1
       0
       2
       2
       0
       0
       0
       1
       1
       5
       2
       2
       0
       1
       1
       0
       2
       1
       3
       1
       0
       4
       2
       1
       1
       5
       0
       1
       0
       1
       1
       2
       2
       2
       0
       3
       2
       1
       4
       1
       1
       3
       0
       2
       3
       1
       1
       3
       1
       0
       1
       0
       1
       1
       1
       1
       2
       1
       2
       1
       1
       0
       3
       1
       2
       1
       2
       1
       1
       1
       3
       0
       0
       2
       0
       1
       3
       1
       2
       3
       2
       0
       2
       1
       1
       0
       1
       4
       3
       2
       0
       2
       3
       1
       1
       1
       2
       1
       1
       5
       1
       3
       0
       3
       0
       1
       0
       2
       2
       3
       0
       2
       3
       2
       2
       1
       2
       1
       1
       2
       1
       3
       3
       1
       0
       1
       0
       1
       3
       0
       3
       1
       0
       3
       2
       0
       0
       0
       2
       0
       1
       1
       1
       6
       2
       1
       2
       0
       2
       3
       1
       1
       5
       3
       4
       1
       1
       1
       1
       4
       1
       0
       3
       2
       1
       1
       2
       1
       1
       3
       0
       2
       1
       1
       2
       2
       1
       0
       1
       0
       2
       1
       2
       0
       1
       1
       0
       1
       3
       0
       1
       2
       1
       1
       1
       3
       2
       2
       1
       2
       1
       3
       2
       2
       3
       3
       2
       6
       0
       0
       0
       3
       1
       3
       0
       0
       1
       0
       0
       1
       2
       2
       0
       0
       0
       0
       1
       2
       3
       1
       2
       2
       2
       0
       0
       1
       1
       0
       0
       1
       0
       0
       0
       2
       2
       0
       2
       2
       6
       2
       2
       2
       2
       3
       3
       2
       0
       1
       1
       0
       2
       0
       4
       0
       2
       1
       1
       3
       3
       4
       2
       1
       1
       1
       1
       1
       4
       0
       1
       1
       1
       0
       2
       1
       1
       2
       1
       0
       1
       1
       2
       3
       2
       1
       0
       3
       2
       1
       0
       3
       2
       2
       0
       1
       1
       2
       2
       1
       2
       0
       3
       3
       2
       2
       1
       5
       1
       3
       1
       3
       2
       3
       0
       2
       1
       2
       3
       2
       2
       3
       1
       2
       2
       1
       2
       3
       1
       2
       0
       1
       3
       1
       1
       3
       3
       4
       3
       3
       2
       1
       1
       0
       1
       1
       6
       2
       2
       1
       3
       3
       3
       2
       4
       0
       1
       0
       2
       2
       1
       0
       0
       2
       2
       3
       1
       2
       0
       2
       1
       0
       0
       0
       5
       0
       1
       1
       1
       2
       1
       3
       3
       1
       2
       4
       3
       2
       1
       1
       1
       3
       4
       6
       4
       3
       3
       5
       1
       4
       1
       5
       2
       2
       0
       1
       4
       2
       2
       0
       2
       3
       1
       1
       2
       4
       2
       3
       1
       3
       2
       3
       1
       0
       0
       2
       4
       0
       5
       3
       1
       2
       1
       3
       1
       7
       3
       2
       1
       1
       1
       2
       3
       3
       1
       2
       3
       2
       0
       3
       3
       1
       1
       2
       1
       3
       5
       2
       4
       4
       2
       5
       2
       3
       1
       2
       3
       5
       1
       7
       4
       3
       4
       1
       1
       2
       5
       2
       1
       1
       3
       3
       0
       1
       0
       3
       4
       1
       0
       1
       3
       2
       2
       2
       3
       1
       1
       1
       2
       0
       4
       0
       1
       0
       2
       1
       0
       1
       2
       4
       1
       1
       1
       0
       2
       1
       3
       3
       5
       1
       1
       4
       3
       1
       2
       0
       4
       1
       2
       2
       2
       2
       5
       3
       3
       1
       1
       4
       0
       3
       2
       3
       3
       0
       1
       3
       3
       3
       2
       0
       0
       2
       3
       0
       0
       1
       1
       1
       1
       2
       2
       1
       1
       2
       1
       5
       2
       2
       3
       1
       2
       2
       0
       2
       2
       1
       2
       3
       0
       2
       2
       3
       0
       5
       1
       2
       2
       2
       2
       1
       1
       1
       7
       2
       1
       4
       2
       0
       4
       2
       2
       2
       2
       1
       2
       2
       1
       1
       2
       1
       2
       2
       1
       0
       4
       1
       2
       1
       0
       1
       0
       2
       2
       1
       0
       2
       2
       3
       1
       0
       2
       3
       3
       3
       0
       0
       2
       2
       2
       1
       7
       1
       1
       2
       2
       1
       1
       0
       2
       0
       3
       2
       2
       0
       2
       1
       2
       1
       0
       1
       2
       1
       0
       3
       4
       3
       2
       3
       2
       1
       2
       0
       2
       1
       2
       2
       3
       1
       4
       4
       0
       2
       4
       1
       2
       2
       0
       2
       2
       4
       2
       5
       2
       4
       0
       0
       3
       0
       3
       1
       0
       3
       0
       2
       4
       3
       2
       1
       0
       2
       3
       0
       2
       2
       2
       1
       2
       4
       1
       2
       1
       0
       2
       1
       3
       1
       3
       2
       1
       2
       2
       1
       3
       1
       1
       3
       2
       2
       0
       3
       1
       1
       4
       2
       2
       3
       1
       0
       0
       0
       2
       2
       5
       5
       0
       7
       3
       2
       2
       0
       2
       2
       1
       3
       1
       3
       3
       4
       4
       0
       1
       0
       0
       0
       1
       1
       0
       2
       2
       1
       0
       1
       1
       5
       3
       1
       5
       2
       1
       3
       1
       4
       2
       0
       0
       0
       0
       0
       2
       1
       2
       2
       2
       1
       1
       3
       1
       1
       2
       2
       3
       0
       1
       1
       1
       3
       2
       0
       3
       2
       1
       1
       3
       2
       1
       4
       1
       1
       1
       2
       2
       4
       4
       0
       1
       0
       1
       1
       1
       3
       2
       1
       0
       4
       1
       1
       1
       2
       4
       2
       0
       2
       4
       1
       5
       1
       1
       1
       4
       0
       1
       3
       0
       4
       2
       2
       0
       3
       2
       2
       2
       1
       0
       1
       1
       2
       2
       0
       2
       5
       0
       2
       4
       2
       5
       4
       2
       3
       2
       4
       2
       2
       0
       1
       3
       1
       0
       2
       0
       1
       1
       2
       2
       1
       3
       1
       6
       3
       2
       1
       3
       3
       2
       2
       1
       1
       2
       4
       1
       0
       4
       2
       3
       4
       5
       3
       5
       3
       4
       3
       4
       2
       2
       2
       2
       4
       2
       5
       4
       1
       1
       2
       2
       2
       2
       4
       2
       5
       3
       3
       1
       1
       3
       3
       1
       2
       6
       7
       2
       1
       3
       3
       1
       2
       5
       3
       0
       1
       3
       1
       2
       2
       4
       0
       1
       4
       1
       2
       2
       2
       2
       1
       4
       1
       2
       6
       4
       0
       7
       2
       0
       1
       2
       3
       3
       1
       2
       1
       4
       2
       3
       3
       1
       0
       1
       2
       4
       1
       0
       6
       1
       2
       3
       1
       0
       1
       1
       7
       3
       4
       1
       1
       4
       0
       3
       1
       3
       3
       2
       1
       4
       2
       2
       7
       0
       1
       4
       2
       4
       0
       4
       3
       1
       0
       2
       0
       3
       3
       3
       3
       3
       1
       3
       1
       4
       1
       3
       3
       1
       4
       6
       1
       2
       3
       2
       2
       2
       3
       2
       4
       2
       5
       1
       2
       5
       1
       5
       3
       1
       2
       4
       4
       2
       4
       5
       1
       3
       4
       2
       5
       1
       1
       3
       3
       2
       3
       3
       0
       2
       8
       3
       2
       4
       1
       5
       4
       1
       5
       2
       1
       2
       5
       1
       2
       0
       3
       2
       1
       3
       2
       3
       4
       5
       2
       2
       4
       2
       3
       1
       3
       2
       2
       5
       2
       2
       3
       4
       4
       2
       5
       6
       2
       3
       7
       3
       1
       5
       5
       4
       5
       2
       4
       2
       4
       3
       4
       3
       5
       3
       5
       2
       9
       4
       4
       1
       3
       3
       2
       1
       4
       4
       7
       6
       0
       6
       4
       6
       1
       5
       4
       2
       3
       1
       0
       2
       4
       2
       2
       5
       2
       5
       1
       2
       3
       2
       6
       1
       4
       4
       2
       6
       4
       4
       4
       4
       4
       2
       2
       5
       2
       4
       1
       7
       2
       5
       3
       3
       3
       1
       3
       1
       6
       4
       5
       3
       2
       3
       2
       5
       4
       4
       6
       3
       4
       7
       5
       1
       3
       4
       7
       3
       2
       5
       6
       3
       2
       4
       5
       3
       3
       3
       2
       5
      10
      10
       1
       1
       3
       7
       7
       8
       6
       4
       2
       4
       2
       4
       3
       2
       3
       3
       6
       2
       4
       4
       5
       2
       1
       3
       6
       2
       3
       8
       2
       5
       1
       9
       5
       5
      10
       6
       5
       9
       7
       2
       2
       7
       1
       3
       6
       5
       5
       2
       4
       5
       7
       6
       4
       2
       7
       3
       5
       2
       4
       5
       6
       3
       1
       9
       4
       4
       6
       5
       8
       4
       8
       3
       8
       7
       5
       3
       5
       2
       5
       4
       9
       4
       7
       4
       3
       7
       8
       6
       1
       4
       7
       7
       7
       5
       3
       4
       7
       7
       4
       2
       7
       7
       9
       5
       5
       6
       3
       9
       3
       7
       4
       9
       2
       7
       8
      10
       6
      11
       5
       2
       6
       7
       8
       8
       5
       6
       7
       8
       6
       5
       6
       4
       5
       6
       6
       6
       4
       3
       8
       5
       8
       8
       9
      11
       5
       9
       6
       9
       7
       5
       6
       3
       5
       6
       6
      11
       5
       9
       5
       9
       8
       4
       6
      10
       7
       6
       5
       9
       7
       5
       7
       9
       8
       4
       6
       5
       8
       8
      11
       9
       3
       6
      11
      13
       5
       7
       7
       6
       8
       8
       4
      12
       6
       9
       6
       9
       9
       5
       8
       8
      10
      10
       5
       5
       2
       5
      10
       9
       7
      11
      11
       9
       8
       4
      11
       9
      15
      10
       7
      11
       7
       7
      11
      10
       8
      14
      15
      11
      10
       6
      14
       8
       7
      11
      11
      13
      14
       5
       4
      17
       9
      15
      14
       8
      10
      11
       6
      18
       9
      10
       9
      13
      12
      15
      12
      17
      13
      17
      14
      14
      14
      22
      13
      12
      18
      15
      21
      21
      25
      16
      27
      22
      17
      23
      26
      32
      31
      33
      29
      30
      30
      32
      26
      31
      40
      62
      32
      37
      43
      50
      39
      45
      45
      63
      61
      55
      59
      61
      80
      78
      59
      68
      78
      78
      66
      81
      89
      78
      90
      93
      94
      85
      87
     110
     109
     116
     102
     120
      99
     140
     108
     164
     152
     128
     130
     130
     138
     162
     144
     152
     172
     162
     155
     166
     169
     194
     170
     179
     197
     204
     192
     185
     184
     185
     189
     236
     199
     195
     207
     194
     245
     232
     200
     235
     234
     236
     226
     233
     242
     238
     274
     236
     240
     251
     241
     243
     256
     229
     242
     270
     254
     249
     289
     273
     223
     238
     251
     261
     266
     243
     266
     257
     273
     253
     234
     248
     268
     279
     264
     259
     252
     243
     250
     268
     249
     219
     234
     236
     211
     219
     220
     197
     227
     233
     205
     194
     214
     210
     222
     222
     170
     188
     155
     166
     161
     183
     169
     170
     165
     160
     157
     168
     144
     132
     144
     126
     106
     105
     107
      95
     121
     108
     112
     103
      95
      93
      83
      94
      86
      84
      68
      68
      69
      83
      65
      64
      61
      59
      73
      49
      53
      33
      49
      45
      39
      45
      34
      39
      37
      31
      34
      24
      31
      26
      31
      17
      14
      17
      24
      19
      18
      19
      19
      14
      21
       9
      13
       5
       9
      15
       8
       6
       9
       7
       9
      10
       8
       4
       7
       8
       8
       4
       6
       2
      10
       4
       2
       3
       3
       2
       4
       4
       1
       3
       3
       2
       3
       1
       4
       1
       3
       1
       1
       0
       1
       2
       2
       2
       0
       0
       3
       2
       3
       2
       1
       2
       2
       1
       0
       1
       2
       2
       1
       2
       1
       1
       0
       0
       3
       1
       1
       0
       0
       0
       5
       1
       2
       0
       1
       2
       3
       1
       0
       0
       1
       2
       0
       1
       1
       2
       2
       3
       0
       1
       0
       0
       0
       3
       1
       0
       1
       1
       1
       0
       2
       1
       2
       0
       1
       3
       1
       1
       1
       1
       1
       1
       4
       0
       0
       0
       0
       1
       2
       1
       0
       2
       1
       0
       2
       0
       1
       1
       2
       1
       1
       1
       0
       1
       2
       0
       1
       3
       4
       6
       4
       0
       1
       0
       1
       2
       1
       2
       0
       3
       4
       0
       2
       2
       2
       1
       1
       1
       0
       0
       2
       0
       1
       1
       0
       0
       3
       0
       2
       4
       6
       2
       1
       1
       3
       2
       1
       2
       2
       1
       1
       4
       3
       1
       1
       1
       4
       3
       3
       5
       2
       2
       4
       0
       3
       0
       2
       2
       1
       1
       3
       2
       3
       1
       1
       1
       1
       1
       0
       4
       3
       1
       3
       1
       1
       2
       3
       2
       1
       3
       2
       1
       1
       0
       1
       1
       0
       3
       1
       2
       4
       2
       4
       1
       2
       3
       2
       2
       0
       1
       2
       1
       6
       1
       1
       0
       1
       1
       0
       0
       1
       0
       1
       2
       1
       0
       1
       1
       1
       1
       2
       1
       1
       0
       0
       0
       0
       3
       6
       1
       0
       0
       2
       0
       1
       1
       1
       1
       1
       1
       1
       0
       3
       0
       1
       0
       0
       0
       2
       1
       2
       0
       1
       0
       2
       1
       1
       3
       0
       1
       1
       0
       3
       0
       3
       0
       0
       0
       1
       0
       0
       1
       2
       1
       1
       1
       1
       3
       2
       0
       1
       2
       2
       1
       4
       0
       1
       1
       0
       1
       0
       0
       1
       2
       0
       3
       1
       0
       1
       0
       3
       1
       1
       1
       0
       2
       0
       0
       2
       1
       0
       0
       2
       1
       1
       3
       0
       4
       2
       5
       1
       1
       0
       4
       0
       2
       0
       0
       0
       0
       0
       2
       1
       2
       0
       1
       2
       1
       2
       3
       2
       0
       4
       0
       0
       1
       1
       3
       2
       1
       0
       0
       0
       0
       1
       0
       1
       1
       0
       2
       2
       1
       4
       1
       1
       0
       2
       3
       4
       0
       0
       1
       1
       0
       1
       2
       2
       1
       1
       2
       2
       1
       0
       3
       1
       0
       2
       1
       1
       3
       0
       0
       5
       1
       1
       4
       3
       1
       0
       3
       2
       1
       2
       0
       0
       2
       0
       0
       5
       2
       2
       1
       0
       2
       2
       1
       1
       1
       1
       2
       1
       0
       1
       3
       3
       2
       4
       2
       1
       0
       3
       1
       1
       2
       1
       0
       1
       3
       2
       3
       1
       1
       2
       4
       1
       5
       1
       2
       0
       3
       1
       2
       0
       1
       1
       5
       0
       1
       2
       0
       2
       3
       1
       2
       4
       0
       2
       1
       3
       1
       0
       0
       0
       3
       0
       3
       2
       1
       1
       0
       0
       2
       3
       0
       1
       1
       1
       3
       1
       1
       1
       0
       3
       0
       2
       2
       3
       3
       0
       3
       2
       2
       3
       1
       0
       0
       1
       2
       1
       2
       2
       2
       3
       2
       2
       2
       6
       4
       3
       1
       2
       0
       5
       1
       3
       3
       5
       3
       2
       1
       5
       7
       5
       4
       5
       7
       4
       1
       4
       5
       9
       3
       8
       8
       1
       2
       5
       5
       8
       2
      11
       7
       7
      10
      10
       7
       6
       6
      11
      10
       4
      12
      15
       5
      11
      12
      14
      12
      20
       8
      14
      12
      14
      19
      21
      21
      16
      21
      15
      21
      25
      17
      18
      21
      15
      27
      28
      18
      28
      21
      24
      26
      28
      31
      31
      37
      24
      24
      25
      19
      41
      32
      32
      41
      33
      30
      32
      41
      29
      38
      35
      26
      40
      33
      48
      41
      42
      45
      35
      33
      44
      37
      38
      44
      38
      41
      49
      37
      41
      46
      40
      44
      40
      54
      39
      52
      35
      45
      42
      36
      50
      55
      34
      49
      42
      31
      34
      38
      48
      39
      43
      41
      44
      43
      39
      43
      40
      37
      30
      42
      32
      30
      27
      38
      26
      25
      27
      28
      29
      29
      30
      31
      23
      29
      27
      23
      21
      14
      26
      20
      20
      20
      21
      22
      19
      16
      12
      13
      16
      16
      12
      11
      12
      16
      18
       4
      16
       8
       6
       8
       8
       6
       4
       8
      10
      10
       7
       7
       9
       6
       5
       7
       7
       6
       8
       7
       1
       7
      10
       5
       8
      11
       5
       4
       9
       6
       8
       8
       9
       6
       6
       5
       7
       5
       5
       4
       2
       8
       4
       5
       9
       4
      11
       7
       1
       3
       5
       7
       5
      11
       9
       7
       9
       5
       8
       8
       4
       5
       6
       8
       6
       9
       5
       8
      13
       8
       4
      13
       7
      12
      14
       3
       9
       5
       7
       4
       9
       4
       7
       5
       7
       7
       5
      10
       7
       5
       5
      10
       6
       4
       6
       2
       4
       2
       3
       5
       6
       7
       7
       9
       4
       7
      11
       6
       4
       5
       2
       7
       3
       3
       5
       8
       6
       2
       3
       4
       4
       8
       2
       4
       5
       5
       7
       4
       1
       3
       2
       5
       1
       1
       3
       3
       2
       1
       3
       0
       1
       2
       1
       1
       0
       2
       3
       1
       4
       1
       2
       1
       0
       2
       0
       0
       2
       0
       2
       1
       1
       1
       1
       3
       2
       1
       0
       1
       0
       0
       1
       0
       1
       0
       1
       0
       1
       0
       0
       1
       0
       0
       0
       0
       0
       3
       0
       0
       0
       1
       0
       0
       0
       0
       0
       0
       0
       0
       0
       0
       0
       1
       0
       0
       0
       0
       0
       0
       0
       0
       0
       1
       0
       0
       2
       0
       0
       0
       0
       0
       0
       0
       0
       1
       0
       1
       0
       1
       0
       1
       0
       0
       0
       0
       1
       0
       0
       0
       0
       0
       0
       0
       0
       0
       1
       0
       0
       0
       0
       0
       0
       0
       0
       1
       0
       1
       0
       0
       0
       0
       0
       0
       0
       0
       1
       0
       0
       0
       0
       0
       0
       1
       0
       0
       0
       0
       1
       1
       0
       0
       0
       0
       0
       1
       0
       0
       0
       0
       0
       0
       0
       0
       0
       0
       0
       0
       0
       0
       0
       0
       0
       1
       0
       1
       0
       0
       0
       0
       0
       1
       0
       0
       0
       1
       0
       0
       0
       0
       0
       0
       2
       0
       1
       0
       0
       1
       0
       0
       0
       0
       0
       0
       0
       0
       0
       0
       1
       0
       0
       0
       0
       0
       0
       0
       0
       1
       0
       0
       0
       0
       0
       0
       0
       0
       0
       0
       1
       0
       0
       1
       0
       0
       0
       0
       0
       0
       0
       0
       0
       0
       0
       0
       0
       0
       1
       0
       0
       0
       0
       0
       0
       0
       1
       0
       0
       0
       0
       0
       0
       0
       0
       0
       0
       0
       0
       0
       0
       0
       0
       0
       0
       0
       0
       0
       0
       0
       0
       0
       0
       0
       0
       0
       0
       0
       0
       0
       1
       0
       0
       0
       0
       0
       0
       0
       0
       0
       0
       0
       0
       1
       0
       0
       1
       0
       0
       0
       0
       0
       0
       0
       0
       0
       0
       0
       0
       0
       0
       0
       0
       0
       0
       0
       0
       0
       0
       0
       0
       0
       0
       0
       0
       0
       0
       0
       0
       0
       0
       0
       0
       0
       0
       0
       0
       0
       0
       0
       0
       0
       0
       0
       0
       0
       0
       0
       0
       0
       0
       0
       0
       0
       0
       0
       0
       0
       0
       0
       0
       0
       0
       0
       0
       0
       0
       0
       0
       0
       0
       0
       0
       0
       0
       0
       0
       0
       0
       0
       0
       0
       0
       0
       0
       0
       0
       0
       0
       1
       0
       0
       0
       0
       0
       0
       0
       0
       0
       0
       0
       0
       0
       0
       0
       0
       0
       0
       0
       0
       0
       0
       0
       0
       0
       0
       0
       0
       0
       0
       0
       0
       0
       0
       0
       0
       0
       0
       0
       0
       0
       0
       0
       0
       0
       0
       0
       0
       0
       0
       0
       0
       0
       0
       0
       1
       0
       0
       0
       0
       0
       0
       0
       0
       0
       0
       0
       0
       0
       0
       0
       0
       0
       0
       0
       0
       0
       0
       0
       0
       0
       0
       0
       0
       0
       0
       0
       0
       0
       0
       0
       0
       0
       0
       0
       0
       0
       0
       0
       0
       0
       0
       0
       0
       0
       0
       0
       0
       0
       0
       0
       0
       0
       0
       0
       0
       0
       0
       0
       0
       0
       0
       0
       0
       0
       0
       0
       0
       0
       0
       0
       1
       0
       0
       0
       0
       0
       0
       0
       0
       1
       0
       0
       0
       0
       0
       0
       0
       0
       0
       0
       0
       0
       0
       0
       0
       0
       0
       0
       0
       0
       0
       0
       0
       0
       0
       0
       0
       0
       1
       0
       0
       0
       0
       0
       0
       0
       0
       0
       0
       0
       0
       0
       0
       0
       0
       0
       0
       0
       0
       0
       0
       0
       0
       0
       0
       0
       0
       0
       0
       0
       0
       0
       0
       0
       0
       0
       0
       0
       0
       0
       0
       0
       0
       0
       0
       0
       0
       0
       0
       0
       0
       0
       0
       0
       0
       0
       0
       0
       0
       0
       0
       0
       0
       0
       0
       0
       0
       0
       0
       0
       0
       0
       0
       0
       0
       0
       0
       0
       0
       0
       0
       0
       0
       0
       0
       0
       0
       0
       0
       0
       0
       0
       0
       0
       0
       0
       0
       0
       0
       0
       0
       0
       0
       0
       0
       0
       0
       0
       0
       0
       0
       0
       0
       0
       0
       0
       0
       0
       0
       0
       0
       0
       0
       0
       0
       0
       0
       0
       0
       0
       0
       0
       0
       0
       0
       0
       0
       0
       0
       0
       0
       0
       0
       0
       0
       0
       0
       0
       0
       0
       0
       0
       0
       0
       0
       0
       0
       0
       0
       0
       0
       0
       0
       0
       0
       0
       0
       0
       0
       0
       0
       0
       0
       0
       0
       0
       0
       0
       0
       0
       0
       0
       0
       0
       0
       0
       0
       0
       0
       0
       0
       0
       0
       0
       0
       0
       0
       0
       0
       0
       0
       0
       0
       0
       0
       0
       0
       0
       0
       0
       0
       0
       0
       0
       0
       0
       0
       0
       0
       0
       0
       0
       0
       0
       0
       0
       0
       0
       0
       0
       0
       0
       0
       0
       0
       0
       0
       0
       0
       0
       0
       0
       0
       0
       0
       0
       0
       0
       0
       0
       0
       0
       0
       0
       0
       0
       0
       0
       0
       0
       0
       0
       0
       0
       0
       0
       0
       0
       0
       0
       0
       0
       0
       0
       0
       0
       0
       0
       0
       0
       0
       0
       0
       0
       0
       0
       0
       0
       0
       0
       0
       0
       0
       0
       0
       0
       0
       0
       0
       0
       0
       0
       0
       0
       1
       0
       0
       0
       0
       0
       0
       0
       0
       0
       0
       0
       0
       0
       0
       0
       0
       0
       0
       0
       0
       0
       0
       0
       0
       0
       0
       0
       0
       0
       0
       0
       0
       0
       0
       0
       0
       0
       0
       0
       0
       0
       0
       0
       0
       0
       0
       0
       0
       0
       0
       0
       0
       0
       0
       0
       0
       0
       0
       0
       0
       0
       1
       0
       0
       0
       0
       0
       0
       0
       0
       0
       0
       0
       0
       0
       0
       0
       0
       0
       0
       0
       0
       0
       0
       0
       0
       0
       0
       0
       0
       0
       0
       0
       0
       0
       0
       0
       0
       0
       0
       0
       0
       0
       0
       0
       0
       0
       0
       0
       0
       0
       0
       0
       0
       0
       0
       0
       0
       0
       0
       0
       0
       0
       0
       0
       0
       0
       0
       0
       0
       0
       0
       0
       0
       0
       0
       0
       0
       0
       0
       0
       0
       0
       0
       0
       0
       0
       0
       0
       0
       0
       0
       0
       0
       0
       0
       0
       0
       0
       0
       0
       0
       0
       0
       0
       0
       0
       0
       0
       0
       0
       0
       0
       0
       0
       0
       0
       0
       0
       0
       0
       0
       0
       0
       0
       0
       0
       0
       0
       0
       0
       0
       0
       0
       0
       0
       0
       0
       0
       0
       0
       0
       0
       0
       0
       0
       0
       0
       0
       0
       0
       0
       0
       0
       0
       0
       0
       0
       0
       0
       0
       0
       0
       0
       0
       0
       0
       0
       0
       0
       0
       0
       0
       0
       0
       0
       0
       0
       0
       0
       0
       0
       0
       0
       0
       0
       0
       0
       0
       0
       0
       0
       0
       0
       0
       0
       0
       0
       0
       0
       0
       0
       0
       0
       0
       0
       0
       0
       0
       0
       0
       0
       0
       0
       0
       0
       0
       0
       0
       0
       0
       0
       0
       0
       0
       0
       0
       0
       0
       0
       0
       0
       0
       0
       0
       1
       0
       0
       0
       0
       0
       0
       0
       0
       0
       0
       0
       0
       0
       0
       0
       0
       0
       0
       0
       0
       0
       0
       0
       0
       0
       0
       0
       0
       0
       0
       0
       0
       0
       0
       0
       0
       0
       0
       0
       0
       0
       0
       0
       0
       0
       0
       0
       0
       0
       0
       0
       0
       0
       0
       0
       0
       0
       0
       0
       0
       0
       0
       0
       0
       0
       0
       0
       0
       0
       0
       0
       0
       0
       0
       0
       0
       0
       0
       0
       0
       0
       0
       0
       0
       0
       0
       0
       0
       0
       0
       0
       0
       0
       0
       0
       0
       0
       0
       0
       0
       0
       0
       0
       0
       0
       0
       0
       0
       0
       0
       0
       0
       0
       0
       0
       0
       0
       0
       0
       0
       0
       0
       0
       0
       0
       0
       0
       0
       0
       0
       0
       0
       0
       0
       0
       0
       0
       0
       1
       0
       0
       0
       0
       0
       0
       0
       0
       0
       0
       0
       0
       0
       0
       0
       0
       0
       0
       0
       0
       0
       0
       0
       0
       0
       0
       0
       0
       0
       0
       0
       0
       0
       0
       0
       0
       0
       0
       0
       0
       0
       0
       1
       0
       0
       0
       0
       0
       0
       0
       0
       0
       0
       0
       0
       0
       0
       0
       0
       0
       0
       0
       0
       0
       0
       0
       0
       0
       0
       0
       0
       0
       0
       0
       0
       0
       0
       0
       0
       0
       0
       0
       0
       0
       0
       0
       0
       0
       0
       0
       0
       0
       0
       0
       0
       0
       1
       0
       1
       0
       0
       0
       0
       0
       0
       0
       0
       0
       0
       0
       0
       0
       1
       0
       0
       0
       0
       0
       0
       0
       0
       0
       0
       0
       0
       0
       0
       0
       0
       0
       0
       0
       1
       0
       0
       0
       0
       0
       0
       0
       0
       0
       0
       0
       0
       0
       0
       0
       0
       0
       0
       0
       0
       0
       0
       0
       1
       0
       0
       0
       0
       0
       0
       0
       0
       0
       0
       0
       1
       0
       1
       0
       0
       0
       0
       0
       0
       0
       0
       0
       0
       0
       0
       0
       0
       0
       0
       0
       0
       0
       0
       0
       0
       0
       0
       0
       0
       0
       0
       0
       0
       0
       0
       0
       0
       0
       0
       1
       1
       0
       0
       0
       0
       0
       0
       0
       0
       0
       0
       0
       0
       0
       0
       0
       0
       0
       0
       0
       0
       0
       0
       0
       0
       0
       0
       0
       0
       0
       0
       0
       0
       0
       0
       1
       0
       0
       0
       0
       0
       0
       0
       0
       0
       1
       6
      21
      56
       3
       0
       0
       0
       0
       0
       0
       0
       0
       0
       0
       0
       0
       0
       0
       0
       0
       0
       0
       0
       0
       0
       0
       0
       0
       0
       0
       0
       0
       0
       0
       0
       0
       0
       0
       0
       0
       0
       0
       0
       0
       0
       0
       0
       0
       0
       0
       0
       0
       0
       0
       0
       0
       0
       0
       0
       0
       0
       0
       0
       0
       0
       0
       0
       0
       0
       0
       0
       0
       0
       0
       0
       0
       0
       0
       0
       0
       0
       0
       0
       0
       0
       0
       0
       0
       0
       0
       0
       0
       0
       0
       0
       0
       0
       0
       0
       0
       0
       0
       0
       0
       0
       0
       0
       0
       0
       0
       0
       0
       0
       0
       0
       0
       0
       0
       0
       0
       0
       0
       0
       0
       0
       0
       0
       0
       0
       0
       0
       0
       0
       0
       0
       0
       0
       0
       0
       0
       0
       0
       0
       0
       0
       0
       0
       0
       0
       0
       0
       0
       0
       0
       0
       0
       0
       0
       0
       0
       0
       0
       0
       0
       0
       0
       0
       0
       0
       0
       0
       0
       0
       0
       0
       0
       0
       0
       0
       0
       0
       0
       0
       0
       0
       0
       0
       0
       0
       0
       0
       0
       0
       0
       0
       0
       0
       0
       0
       0
       0
       0
       0
       0
       0
       0
       0
       0
       0
       0
       0
       0
       0
       0
       0
       0
       0
       0
       0
       0
       0
       0
       0
       0
       0
       0
       0
       0
       0
       0
       0
       0
       0
       0
       0
       0
       0
       0
       0
       0
       0
       0
       0
       0
       0
       0
       0
       0
       0
       0
       0
       0
       0
       0
       0
       0
       0
       0
       0
       0
       0
       0
       0
       0
       0
       0
       0
       0
       0
       0
       0
       0
       0
       0
       0
       0
       0
       0
       0
       0
       0
       0
       0
       0
       0
       0
       0
       0
       0
       0
       0
       0
       0
       0
       0
       0
       0
       0
       0
       0
       0
       0
       0
       0
       0
       0
       0
       0
       0
       0
       0
       0
       0
$ROI:
0
$PRESETS:
Live Time
300
0
$ENER_FIT:
0.000000 0.000000
$MCA_CAL:
3
0.000000E+000 0.000000E+000 0.000000E+000 
$SHAPE_CAL:
3
0.000000E+000 0.000000E+000 0.000000E+000
